20. 01.2022 1631113367 Y505H
15. 01.2022 5845827758 Y505H
13. 01.2022 6413799395 Y505H
06. 01.2022 8240797309 Y505H
22. 07. 2021 1153439211 L452R
22. 07. 2021 1153439211 P681R
20. 01. 2022 1362379211 Y505H
20. 09. 2021 1444476187 L452R
20. 09. 2021 1444476187 P681R
21. 01. 2022 1568185924 Y505H
24. 09. 2021 1696823990 L452R
24. 09. 2021 1696823990 P681R
15. 09. 2021 1757714862 L452R
15. 09. 2021 1757714862 P681R
23. 09. 2021 1787027625 L452R
23. 09. 2021 1787027625 P681R
25. 09. 2021 1787027625 L452R
25. 09. 2021 1787027625 P681R
17. 08. 2021 2039842286 L452R
17. 08. 2021 2039842286 P681R
14. 08. 2021 2042876235 P681R
25. 09. 2021 2112019485 L452R
25. 09. 2021 2112019485 P681R
22. 08. 2021 2194759983 L452R
22. 08. 2021 2194759983 P681R
21. 08. 2021 2345750482 L452R
21. 08. 2021 2345750482 P681R
31. 08. 2021 2385000719 L452R
31. 08. 2021 2385000719 P681R
05. 08. 2021 2402431225 L452R
05. 08. 2021 2402431225 P681R
06. 09. 2021 3131681597 P681R
09. 08. 2021 3256786501 P681R
04. 08. 2021 3624276929 L452R
04. 08. 2021 3624276929 P681R
08. 08. 2021 4024671649 L452R
08. 08. 2021 4024671649 P681R
10. 08. 2021 4057686867 L452R
10. 08. 2021 4057686867 P681R
13. 12. 2021 4133561487 E484K
13. 12. 2021 4133561487 K417N
17. 09. 2021 4305613684 L452R
17. 09. 2021 4305613684 P681R
30. 12. 2021 4529150389 L452R
30. 12. 2021 4529150389 P681R
09. 08. 2021 4610941290 P681R
22. 12. 2021 4624978197 Del69-70
22. 12. 2021 4624978197 E484K
31. 08. 2021 4796983163 P681R
10. 08. 2021 5218623738 L452R
10. 08. 2021 5218623738 P681R
24. 08. 2021 5344110151 L452R
24. 08. 2021 5344110151 P681R
08. 09. 2021 5391830210 L452R
08. 09. 2021 5391830210 P681R
27. 08. 2021 5440854446 L452R
27. 08. 2021 5440854446 P681R
20. 07. 2021 5580270657 L452R
20. 07. 2021 5580270657 P681R
06. 09. 2021 5622262489 P681R
03. 09. 2021 5640811149 L452R
03. 09. 2021 5640811149 P681R
27. 08. 2021 5640811149 L452R
27. 08. 2021 5640811149 P681R
01. 09. 2021 5802528019 L452R
01. 09. 2021 5802528019 P681R
08. 09. 2021 5844479490 L452R
08. 09. 2021 5844479490 P681R
26. 08. 2021 6050368685 L452R
26. 08. 2021 6050368685 P681R
29. 10. 2021 6196765136 L452R
29. 10. 2021 6196765136 P681R
16. 08. 2021 6220908606 L452R
16. 08. 2021 6220908606 P681R
03. 12. 2021 6282151841 L452R
08. 09. 2021 6556289681 L452R
08. 09. 2021 6556289681 P681R
02. 08. 2021 6763841782 L452R
02. 08. 2021 6763841782 P681R
28. 07. 2021 6943789880 L452R
28. 07. 2021 6943789880 P681R
13. 09. 2021 7245588202 L452R
13. 09. 2021 7245588202 P681R
30. 07. 2021 7441676268 L452R
30. 07. 2021 7441676268 P681R
21. 08. 2021 7458771438 L452R
21. 08. 2021 7458771438 P681R
20. 08. 2021 7500538067 L452R
20. 08. 2021 7500538067 P681R
03. 09. 2021 7537276032 L452R
03. 09. 2021 7537276032 P681R
27. 08. 2021 7537276032 L452R
27. 08. 2021 7537276032 P681R
14. 12. 2021 7714333993 L452R
31. 08. 2021 7893724699 L452R
31. 08. 2021 7893724699 P681R
15. 08. 2021 7935177450 L452R
15. 08. 2021 7935177450 P681R
01. 09. 2021 8109197847 L452R
01. 09. 2021 8109197847 P681R
21. 08. 2021 8255048209 L452R
21. 08. 2021 8255048209 P681R
22. 07. 2021 8295452529 L452R
22. 07. 2021 8650723838 L452R
22. 07. 2021 8650723838 P681R
17. 08. 2021 9344236504 L452R
17. 08. 2021 9344236504 P681R
18. 08. 2021 9369743463 L452R
04. 08. 2021 9396901707 L452R
04. 08. 2021 9396901707 P681R
25. 09. 2021 9480886101 L452R
25. 09. 2021 9480886101 P681R
16. 01. 2022 9765148077 Del69-70
16. 01. 2022 9765148077 K417N
16. 01. 2022 9765148077 N501Y
17. 01. 2022 1382361939 Del69-70
17. 01. 2022 1382361939 E484K
17. 01. 2022 1382361939 K417N
12. 01. 2022 1386690086 K417N
12. 01. 2022 1386690086 L452R
12. 01. 2022 1400413424 Del69-70
12. 01. 2022 1400413424 E484K
12. 01. 2022 1400413424 K417N
15. 01. 2022 1468765351 Y505H
12. 01. 2022 1468765351 Del69-70
12. 01. 2022 1468765351 E484K
12. 01. 2022 1468765351 K417N
12. 01. 2022 1468765351 K417T
12. 01. 2022 1468765351 N501Y
16. 01. 2022 1698586963 Del69-70
16. 01. 2022 1698586963 E484K
16. 01. 2022 1698586963 K417N
22. 01. 2022 1793945402 Del69-70
15. 01. 2022 1805270976 Del69-70
15. 01. 2022 1805270976 K417N
18. 01. 2022 2237504761 Del69-70
18. 01. 2022 2237504761 E484K
16. 01. 2022 2309808822 Del69-70
16. 01. 2022 2309808822 E484K
16. 01. 2022 2309808822 K417N
12. 01. 2022 2545376436 Del69-70
12. 01. 2022 2545376436 E484K
12. 01. 2022 2545376436 K417N
12. 01. 2022 2545376436 K417T
12. 01. 2022 2545376436 N501Y
19. 01. 2022 2941699584 Del69-70
19. 01. 2022 2941699584 E484K
19. 01. 2022 2941699584 K417N
02. 01. 2022 2990218714 Del69-70
02. 01. 2022 2990218714 K417N
05. 01. 2022 3030669682 Del69-70
05. 01. 2022 3030669682 E484K
15. 08. 2021 3032525969 L452R
15. 08. 2021 3032525969 P681R
14. 01. 2022 3238100858 Del69-70
19. 01. 2022 3262340853 Del69-70
19. 01. 2022 3262340853 E484K
19. 01. 2022 3262340853 K417N
21. 01. 2022 3321676760 E484K
21. 01. 2022 3321676760 K417N
21. 01. 2022 3393040189 K417N
21. 01. 2022 3433824066 K417N
22. 01. 2022 3440563802 Del69-70
22. 01. 2022 3440563802 K417N
21. 01. 2022 3481903600 K417N
14. 01. 2022 3495565896 Del69-70
19. 01. 2022 3496122785 Del69-70
19. 01. 2022 3496122785 K417N
06. 01. 2022 3737366921 Del69-70
06. 01. 2022 3737366921 E484K
21. 01. 2022 3753918719 K417N
12. 01. 2022 3922516476 Del69-70
12. 01. 2022 3922516476 E484K
12. 01. 2022 3922516476 K417N
17. 01. 2022 4072495971 Del69-70
17. 01. 2022 4072495971 E484K
17. 01. 2022 4072495971 K417N
16. 01. 2022 4127906928 Del69-70
16. 01. 2022 4127906928 E484K
16. 01. 2022 4127906928 K417N
11. 01. 2022 4666037970 Del69-70
11. 01. 2022 4666037970 E484K
11. 01. 2022 4666037970 K417N
11. 01. 2022 4666037970 K417T
14. 01. 2022 4703149447 Del69-70
15. 01. 2022 4896491051 Del69-70
15. 01. 2022 4896491051 E484K
15. 01. 2022 4896491051 K417N
23. 01. 2022 4903553334 Del69-70
23. 01. 2022 4903553334 E484K
23. 01. 2022 4903553334 K417N
17. 01. 2022 5037041708 Del69-70
17. 01. 2022 5037041708 E484K
17. 01. 2022 5037041708 K417N
11. 01. 2022 5233707777 Del69-70
11. 01. 2022 5233707777 E484K
11. 01. 2022 5233707777 K417N
11. 01. 2022 5233707777 K417T
21. 01. 2022 5287810073 E484K
21. 01. 2022 5545697242 E484K
21. 01. 2022 5545697242 K417N
12. 01. 2022 5548444844 Del69-70
12. 01. 2022 5548444844 E484K
12. 01. 2022 5548444844 K417N
12. 01. 2022 5548444844 K417T
17. 01. 2022 5595493617 Del69-70
17. 01. 2022 5595493617 E484K
17. 01. 2022 5595493617 K417N
14. 01. 2022 5697115105 Del69-70
14. 01. 2022 5697115105 E484K
12. 01. 2022 5719327174 K417N
12. 01. 2022 5719327174 K417T
14. 01. 2022 5857792927 Del69-70
14. 01. 2022 5857792927 E484K
22. 01. 2022 5869252883 Del69-70
22. 01. 2022 5869252883 K417N
22. 01. 2022 5936223600 Del69-70
22. 01. 2022 5936223600 K417N
06. 01. 2022 6003207841 Del69-70
06. 01. 2022 6003207841 E484K
18. 01. 2022 6349459230 Del69-70
18. 01. 2022 6349459230 E484K
12. 01. 2022 6436079503 Del69-70
12. 01. 2022 6436079503 K417N
22. 01. 2022 6601262990 Del69-70
22. 01. 2022 6601262990 K417N
14. 01. 2022 6651421970 Del69-70
18. 01. 2022 6696188638 Del69-70
18. 01. 2022 6696188638 E484K
22. 01. 2022 6907778154 Del69-70
23. 01. 2022 6998969642 Del69-70
23. 01. 2022 6998969642 E484K
23. 01. 2022 6998969642 K417N
22. 01. 2022 7115576634 Del69-70
21. 01. 2022 7190808456 K417N
17. 01. 2022 7251365595 Del69-70
17. 01. 2022 7251365595 E484K
17. 01. 2022 7251365595 K417N
11. 01. 2022 7337063288 Del69-70
11. 01. 2022 7337063288 E484K
11. 01. 2022 7337063288 K417N
11. 01. 2022 7337063288 K417T
19. 01. 2022 7353168362 Del69-70
19. 01. 2022 7353168362 E484K
19. 01. 2022 7353168362 K417N
16. 01. 2022 7781498573 Del69-70
16. 01. 2022 7781498573 E484K
16. 01. 2022 7781498573 K417N
19. 01. 2022 7829651680 Del69-70
19. 01. 2022 7829651680 E484K
19. 01. 2022 7829651680 K417N
21. 01. 2022 7872248176 K417N
17. 01. 2022 8024577017 Y505H
22. 01. 2022 8137703183 Del69-70
22. 01. 2022 8137703183 K417N
21. 01. 2022 8374838312 Del69-70
19. 01. 2022 8465229065 Del69-70
19. 01. 2022 8465229065 K417N
19. 01. 2022 8656125643 Del69-70
19. 01. 2022 8656125643 E484K
19. 01. 2022 8656125643 K417N
17. 01. 2022 8665953619 Del69-70
17. 01. 2022 8665953619 K417N
17. 01. 2022 8672564728 Del69-70
17. 01. 2022 8672564728 E484K
17. 01. 2022 8672564728 K417N
19. 01. 2022 8706743517 Y505H
21. 01. 2022 8761298611 K417N
15. 01. 2022 8981884114 Del69-70
15. 01. 2022 8981884114 E484K
15. 01. 2022 8981884114 K417N
18. 01. 2022 9192009789 Del69-70
18. 01. 2022 9528980595 Del69-70
18. 01. 2022 9528980595 E484K
19. 01. 2022 9725051108 Del69-70
19. 01. 2022 9725051108 E484K
19. 01. 2022 9725051108 K417N
15. 01. 2022 9785551057 Del69-70
15. 01. 2022 9785551057 E484K
15. 01. 2022 9785551057 K417N
21. 01. 2022 9794828635 Del69-70
21. 01. 2022 9794828635 K417N
18. 01. 2022 9799472342 Del69-70
18. 01. 2022 9799472342 E484K
